$ 1 0.0000049999999999999996 10.20027730826997 50 5 50
165 400 144 448 144 2 1.720628847734495e-16
165 608 144 624 144 2 9
209 400 80 208 80 0 0.000001 3.385611723273483 1
r 208 304 464 304 0 4700
r 304 176 304 336 0 100000
r 256 176 256 240 0 33000
r 800 144 1088 144 0 1000
r 832 352 944 352 0 4700
r 848 400 848 560 0 100
r 480 512 736 512 0 33000
r 480 640 800 640 0 1000
r 304 368 768 368 0 1000
t 944 352 992 352 0 -1 8.9999999997634 -2.3499957535477733e-10 100
v 912 672 1088 672 0 0 40 9 0 0 0.5
162 848 560 848 672 1 2.1024259 0 1 0 0.01
174 480 576 448 512 0 50000 0.5 Resistance
c 416 512 448 512 0 0.00001 1.084677731028472
c 736 512 736 672 0 0.00001 3.462456679435031
w 464 112 672 112 0
w 672 112 768 112 0
w 1088 112 1088 144 0
w 1088 144 1088 672 0
w 608 176 608 80 0
w 608 80 752 80 0
w 752 80 752 144 0
w 752 144 800 144 0
w 800 144 800 640 0
w 768 112 1088 112 0
w 768 112 768 176 0
w 736 176 768 176 0
w 768 304 992 304 0
w 992 304 992 336 0
w 736 208 832 208 0
w 832 208 832 352 0
w 768 176 768 304 0
w 992 368 992 400 0
w 992 400 848 400 0
w 992 400 1024 400 0
w 1024 432 912 432 0
w 912 432 912 672 0
w 848 672 912 672 0
w 848 672 736 672 0
w 736 672 208 672 0
w 608 240 608 272 0
w 608 272 608 320 0
w 608 320 736 320 0
w 736 320 736 512 0
w 480 576 480 640 0
w 480 512 448 512 0
w 448 544 448 512 0
w 528 208 528 320 0
w 528 320 416 320 0
w 416 320 416 512 0
w 768 304 768 368 0
w 400 176 304 176 0
w 304 176 256 176 0
w 400 240 256 240 0
w 544 336 304 336 0
w 304 368 304 336 0
w 400 272 400 240 0
w 400 240 400 80 0
w 544 336 544 176 0
w 544 176 528 176 0
w 208 672 208 304 0
w 208 80 208 304 0
x 370 55 927 58 1 24 CHANEY C6406 PHASOR SOUND AND LIGHT KIT
r 1024 400 1024 432 0 16
o 66 64 0 2083 5 0.2 0 -1 0
