$ 1 0.000005 10.20027730826997 50 5 50 5e-11
164 80 176 96 176 0 4 0 5 0 0 false 6
164 48 416 64 416 0 4 0 0 5 0 false 10
197 352 416 384 416 0
197 352 176 368 176 0
157 1120 -320 1152 -320 0 7 0 0
157 1296 -320 1328 -320 0 7 0 0
w 480 544 1360 544 0
w 1392 -192 1392 576 0
w 1424 -192 1424 608 0
w 1184 304 480 304 0
w 1216 -192 1216 336 0
w 1248 -192 1248 368 0
w 1216 336 480 336 0
w 480 368 1248 368 0
w 480 576 1392 576 0
w 480 608 1424 608 0
t -32 432 0 432 2 1 -11.970820751291516 0.029179004910415963 100 default
t -64 480 -32 480 2 1 0.5979906589076177 0.6271696638180336 100 default
w 48 416 0 416 0
r 0 416 0 352 0 10000
w 0 352 -32 352 0
r -32 352 -32 432 0 10000
w 0 448 0 480 0
w -32 432 -32 464 0
w -32 496 -32 528 0
g -32 528 -32 544 0 0
g 0 480 0 496 0 0
w -64 480 -80 480 0
r -80 480 -128 480 0 1000
c -80 480 -80 528 0 1e-8 0.6271696638180336 0.001
r -128 480 -128 528 0 10000
d -176 480 -128 480 2 1N4148
r -224 480 -176 480 0 2000
w -128 480 -128 448 0
w -128 448 -144 448 0
c -144 448 -144 384 0 1e-8 -10.240514211466465 0.001
w -144 384 -128 384 0
s -128 384 -128 448 0 1 true
w -128 384 -128 352 0
w -32 352 -128 352 0
R -16 -64 -32 -64 0 0 40 12 0 0 0.5
g -128 528 -128 544 0 0
g -80 528 -80 544 0 0
w 64 176 80 176 0
150 208 368 208 320 4 4 0 5
w 240 368 240 416 0
w 224 368 224 448 0
w 192 368 192 480 0
w 176 368 176 512 0
w 176 512 352 512 0
w 192 480 352 480 0
w 224 448 352 448 0
w 208 320 208 304 0
w 208 304 64 304 0
w 64 304 64 176 0
w 144 416 240 416 0
w 144 448 224 448 0
w 144 480 192 480 0
w 144 512 176 512 0
w 48 512 48 272 0
w 80 272 48 272 0
w 48 272 48 176 0
s -16 176 48 176 0 1 true
w -128 272 -128 352 0
w 1360 -192 1360 544 0
w 1296 -224 1296 512 0
w 1296 -256 1296 480 0
w 1296 480 480 480 0
w 1296 512 480 512 0
w 1296 -288 1296 448 0
w 1296 448 480 448 0
w 1296 -320 1296 416 0
w 1296 416 480 416 0
207 -224 480 -256 480 4 clock\s\p
x -29 210 29 213 4 24 reset
x -113 388 -69 391 4 24 test
165 -288 64 -256 64 6 4.998693042254176
w -160 128 -144 128 0
w -224 32 -144 32 0
r -144 32 -144 128 0 1000
w -224 32 -224 -16 0
w -224 -16 -224 -48 0
w -224 -16 -256 -16 0
c -64 32 -64 64 0 0.00001 11.999999999992896 0.001
g -64 64 -64 80 0 0
w -256 -16 -288 -16 0
w -288 96 -336 96 0
w -288 -16 -288 16 0
w -288 192 -336 192 0
w -288 160 -288 192 0
r -336 192 -336 96 0 3000
207 -144 128 -112 128 4 clock\s\p
g -192 224 -192 240 0 0
w -16 -32 -16 -64 0
w -64 -32 -16 -32 0
w -16 176 -128 176 0
w -128 176 -128 272 0
w -16 176 -16 -32 0
r -64 -32 -64 32 0 1000
g -336 240 -336 256 0 0
209 -336 192 -336 240 0 1.5e-7 2.236772205868942 0.001 1
R -224 -48 -224 -64 0 0 40 5 0 0 0.5
w -160 96 -160 -16 0
s -224 -16 -160 -16 0 0 false
x -212 -44 -172 -41 4 24 run
174 -336 96 -288 -48 1 250000 0.5990000000000001 Speed
157 672 -320 704 -320 0 7 0 0
157 848 -320 880 -320 0 7 0 0
197 352 -64 368 -64 0
197 352 -304 368 -304 0
w 240 416 352 416 0
w 176 272 208 272 0
w 176 240 224 240 0
w 176 208 256 208 0
w 176 176 272 176 0
w 1184 -192 1184 304 0
w 1120 -224 1120 272 0
w 480 272 1120 272 0
w 480 240 1120 240 0
w 480 208 1120 208 0
w 480 176 1120 176 0
w 1120 -320 1120 176 0
w 1120 -288 1120 208 0
w 1120 -256 1120 240 0
150 240 144 240 96 4 4 0 5
w 272 176 352 176 0
w 272 176 272 144 0
w 256 208 352 208 0
w 256 208 256 144 0
w 224 240 352 240 0
w 224 240 224 144 0
w 208 272 352 272 0
w 208 272 208 144 0
164 80 -64 96 -64 0 4 0 5 0 5 false 10
w 80 -64 64 -64 0
w 64 -64 64 80 0
w 240 96 240 80 0
w 240 80 64 80 0
w 176 32 352 32 0
w 176 0 352 0 0
w 176 -32 352 -32 0
w 176 -64 352 -64 0
w 976 -192 976 128 0
w 944 -192 944 96 0
w 912 -192 912 64 0
w 480 128 976 128 0
w 480 96 944 96 0
w 480 64 912 64 0
w 848 -224 848 32 0
w 480 32 848 32 0
w 480 0 848 0 0
w 480 -32 848 -32 0
w 480 -64 848 -64 0
w 848 -256 848 0 0
w 848 -288 848 -32 0
w 848 -320 848 -64 0
w 176 512 176 640 0
w 176 640 1056 640 0
162 1056 -208 1056 -272 2 default-led 1 0 0 0.01
162 1056 -272 1056 -336 2 default-led 1 0 0 0.01
g 1056 -336 1056 -368 0 0
w 1056 -208 1056 640 0
o 100 64 0 4099 5 0.0015625 0 2 100 3
o 77 64 0 4099 5 0.00625 1 2 77 3
