$ 1 0.000005 10.20027730826997 50 5 50
r 336 240 336 320 0 470
r 800 240 800 320 0 470
r 400 320 400 400 0 1000
r 512 400 512 320 0 3300
r 736 320 736 400 0 1000
r 640 400 640 320 0 3300
r 512 400 400 400 0 10000
r 640 400 736 400 0 10000
209 576 320 576 400 0 0.00021999999999999998 0.6315996741770656 1
209 400 464 512 464 0 0.00001 7.23275995254541 1
209 736 464 640 464 0 0.00001 -0.4264464875548351 1
t 368 512 336 512 0 1 -7.384725461781519 0.4936938484188002 100
t 768 512 800 512 0 1 0.5784119967909443 0.6456593576549094 100
R 896 240 944 240 0 0 40 9 0 0 0.5
g 576 400 576 432 0
g 896 544 928 544 0
s 576 320 576 240 0 1 true
162 336 320 336 400 1 2.1024259 1 0 0 0.01
162 800 320 800 400 1 2.1024259 0 1 0 0.01
w 896 240 800 240 0
w 800 240 576 240 0
w 576 240 336 240 0
w 400 320 336 320 0
w 512 320 576 320 0
w 576 320 640 320 0
w 736 320 800 320 0
w 336 400 400 400 0
w 736 400 800 400 0
w 400 400 400 464 0
w 512 400 512 464 0
w 640 400 640 464 0
w 736 400 736 464 0
w 336 400 336 496 0
w 800 400 800 496 0
w 896 544 800 544 0
w 800 544 800 528 0
w 800 544 336 544 0
w 336 544 336 528 0
w 368 512 512 512 0
w 512 512 640 400 0
w 768 512 640 512 0
w 640 512 512 400 0
x 446 166 851 169 1 24 Future Kit FK128 Head Or Tail Games
x 590 287 676 290 0 18 SW1: Toss
o 17 512 0 2083 5 0.025 0 -1 0
o 18 512 0 2083 5 0.025 0 -1 0
o 9 512 0 2083 10 0.025 1 -1 0
o 10 512 0 2083 10 0.025 1 -1 0
o 8 512 0 2083 20 819.2 1 -1 0
