$ 1 0.000005 10.20027730826997 50 5 50 5e-11
162 240 80 288 80 2 default-led 1 0 0 0.01
r 240 112 288 112 0 1000
r 288 80 368 80 0 10
w 368 80 416 80 0
w 416 80 464 80 0
w 464 80 544 80 0
r 416 80 416 192 0 1000.9
r 464 80 464 208 0 100000
r 464 208 464 368 0 100000
w 240 80 176 80 0
w 176 80 176 96 0
w 464 368 368 368 0
w 368 368 256 368 0
w 256 368 176 368 0
w 240 112 240 80 0
w 288 112 288 80 0
t 224 208 256 208 2 1 -1.17993514920634 1.2799317988674234e-7 100 default
t 512 304 544 304 2 1 -0.07416467802522098 0.6871531228043747 100 default
t 448 208 416 208 2 -1 -0.42046413780247416 -0.5682119399254032 100 default
t 80 128 112 128 2 1 0 0 100 default
r 176 160 176 208 0 20000
r 176 208 176 368 0 100000
w 176 208 224 208 0
w 256 224 256 368 0
w 544 288 544 80 0
w 544 320 544 368 0
w 544 368 464 368 0
w 464 208 448 208 0
w 368 192 256 192 0
w 416 304 512 304 0
r 416 224 416 304 0 1000
d 368 192 368 80 2 1N4148
w 368 192 416 192 0
g 176 368 160 368 0 0
R 144 80 128 80 0 0 40 3 0 0 0.5
209 368 192 368 368 0 0.00009999999999999999 1.1799352771995197 0.001 1
w 144 80 176 80 0
s 176 160 176 96 0 1 false
x 103 27 553 30 4 24 Future\sKit\sFK167\s"Firefly\sLight"\sModified
o 16 64 6 4098 2.5 0.1 0 1
o 35 64 0 4099 2.5 0.05 1 2 35 3
38 6 F1 0 1 27000 -1 Resistance
