$ 1 0.000015625 10.20027730826997 50 5 50 5e-11
165 752 224 800 224 2 8.999999910000005
R 992 144 1008 144 0 0 40 9 0 0 0.5
w 816 144 816 192 0
g 976 448 1008 448 0 0
w 752 320 704 320 0
w 704 352 752 352 0
r 704 144 704 256 0 10000
r 576 144 576 240 0 3000
r 528 144 528 272 0 20000
r 368 144 368 240 0 20000
r 320 144 320 208 0 3000
t 352 368 320 368 2 1 0.6241092490497278 0.6545702492419073 100 default
t 544 368 576 368 2 1 -7.305109558993737 -6.392337465913878 100 default
r 704 256 704 320 0 68000
r 576 240 656 240 0 1
w 320 384 320 448 0
w 320 352 320 304 0
w 320 304 320 208 0
w 368 240 368 368 0
w 368 368 352 368 0
w 528 304 528 368 0
w 576 240 576 352 0
w 544 368 528 368 0
w 576 384 576 448 0
w 256 448 320 448 0
w 320 448 576 448 0
w 528 272 528 304 0
w 656 240 656 176 0
w 656 176 880 176 0
w 880 256 880 176 0
c 704 352 704 448 0 4.7e-8 4.521148569154766 0.001
w 752 256 704 256 0
w 704 320 704 352 0
w 576 448 704 448 0
w 816 144 704 144 0
w 704 144 576 144 0
w 576 144 528 144 0
w 528 144 368 144 0
w 368 144 320 144 0
w 320 144 256 144 0
w 704 448 816 448 0
x 485 76 820 79 5 24 FK235\s"Train's\sWhistle\sSound"
209 880 288 928 288 0 0.000032999999999999996 0.0009999999988767883 0.001 1
211 928 288 976 288 0 2 8000 1
209 256 144 256 384 0 0.00001 8.999999999999861 0.001 1
209 320 304 528 304 0 0.00009999999999999999 6.422798466106057 0.001 1
209 576 240 368 240 0 0.000032999999999999996 0.2582018438379521 0.001 1
r 256 384 256 448 0 100
c 816 384 816 448 0 1e-8 5.999999999999995 0.001
w 816 448 976 448 0
w 816 144 928 144 0
s 928 144 992 144 0 0 false
o 46 64 0 x81012 8.999999999999874 0.0001 0 6 2.5 0 46 3 0.025 0 45 0 2.5 0 45 3 0.025 0 44 0 2.5 0 44 3 0.025 0
o 43 64 0 x83412 8.99899991000002 0.0001 1 1 2.5 0
