$ 1 0.000005 10.20027730826997 50 5 50 5e-11
405 256 64 272 64 0 16 2
w 288 432 288 128 0
w 320 416 320 128 0
w 352 128 352 400 0
w 384 384 384 128 0
w 416 128 416 368 0
w 448 352 448 128 0
w 480 128 480 336 0
w 512 320 512 128 0
w 544 128 544 304 0
w 576 288 576 128 0
w 640 256 640 128 0
w 736 208 736 128 0
154 144 176 144 272 0 2 0 5
154 160 272 160 368 0 2 0 5
154 176 368 176 464 0 2 0 5
w 208 224 608 224 0
w 192 272 192 208 0
w 192 208 672 208 0
w 160 176 192 176 0
w 208 224 208 368 0
w 192 192 192 176 0
w 128 160 208 160 0
w 192 192 704 192 0
w 208 176 768 176 0
w 672 128 672 208 0
w 608 272 608 224 0
w 608 128 608 224 0
w 704 128 704 192 0
w 768 192 768 176 0
w 768 176 768 128 0
R 176 0 160 0 0 0 40 5 0 0 0.5
R 144 560 128 560 0 0 40 5 0 0 0.5
I 0 576 64 576 0 0.5 5
s 144 560 176 560 0 1 true
r 256 64 224 64 0 100
155 176 464 240 464 0 0
155 288 464 352 464 0 0
155 400 464 464 464 0 0
155 512 464 576 464 0 0
155 656 464 720 464 0 0
155 768 464 832 464 0 0
155 880 464 944 464 0 0
155 1616 464 1680 464 0 0
155 992 464 1056 464 0 0
155 1136 464 1200 464 0 0
155 1728 464 1792 464 0 0
155 1248 464 1312 464 0 0
155 1840 464 1904 464 0 0
155 1360 464 1424 464 0 0
155 1952 464 2016 464 0 0
155 1472 464 1536 464 0 0
w 288 496 288 560 0
w 288 464 272 464 0
w 288 464 288 432 0
w 384 464 400 464 0
w 400 464 400 416 0
w 400 496 400 560 0
w 512 496 512 560 0
w 512 464 496 464 0
w 512 464 512 400 0
w 288 560 176 560 0
w 288 560 400 560 0
w 400 560 512 560 0
w 656 496 656 560 0
w 512 560 656 560 0
w 752 464 768 464 0
w 768 464 768 368 0
w 768 496 768 560 0
w 656 560 768 560 0
w 864 464 880 464 0
w 880 464 880 352 0
w 880 496 880 560 0
w 768 560 880 560 0
w 976 464 992 464 0
w 992 464 992 336 0
w 992 496 992 560 0
w 992 560 880 560 0
w 1088 464 1136 464 0
w 1136 496 1136 560 0
w 1136 560 992 560 0
w 1136 464 1136 320 0
w 1248 464 1248 304 0
w 1248 464 1232 464 0
w 1248 496 1248 560 0
w 1136 560 1248 560 0
w 1360 464 1344 464 0
w 1360 464 1360 288 0
w 1360 496 1360 560 0
w 1360 560 1248 560 0
w 1456 464 1472 464 0
w 1472 464 1472 272 0
w 1472 496 1472 560 0
w 1472 560 1360 560 0
w 1568 464 1616 464 0
w 1616 464 1616 256 0
w 1616 496 1616 560 0
w 1616 560 1472 560 0
w 1712 464 1728 464 0
w 1728 464 1728 240 0
w 1728 496 1728 560 0
w 1616 560 1728 560 0
w 1824 464 1840 464 0
w 1840 464 1840 224 0
w 1840 496 1840 560 0
w 1728 560 1840 560 0
w 1936 464 1952 464 0
w 1952 464 1952 208 0
w 1952 496 1952 560 0
w 1840 560 1952 560 0
w 2048 464 2048 192 0
w 704 192 704 224 0
w 672 208 672 240 0
w 608 464 656 464 0
w 656 464 656 384 0
w 320 416 400 416 0
w 352 400 512 400 0
w 384 384 656 384 0
w 416 368 768 368 0
w 448 352 864 352 0
w 480 336 992 336 0
w 512 320 1136 320 0
w 544 304 1248 304 0
w 576 288 1360 288 0
w 608 272 1472 272 0
w 640 256 1616 256 0
w 672 240 1728 240 0
w 704 224 1840 224 0
w 736 208 1952 208 0
w 768 192 2048 192 0
w 176 496 176 560 0
w 208 160 208 176 0
w 128 160 128 176 0
g 224 64 192 64 0 0
w 176 272 192 272 0
w 192 368 208 368 0
