$ 1 0.0000026041666666666666 10.20027730826997 50 5 50 5e-11
165 400 272 432 272 2 4.999999950000001
165 592 272 624 272 2 1.9985293479012415e-19
x 444 127 882 130 4 24 forrest\sm.\smims\siii\s"atari\spunk\sconsole"
x 563 157 750 160 4 24 dual\s555\sversion
w 464 208 528 208 0
w 560 208 656 208 0
w 560 208 560 176 0
174 832 304 800 368 0 5000 0.2822 Volume
174 896 304 928 368 0 1000000 0.7772000000000001 Thing 1
174 336 240 304 304 0 1000000 0.7871 Thing 2
c 336 400 336 512 0 1e-8 2.7995795193613717 0.001
c 896 448 896 512 0 1e-8 0.00022440644496331074 0.001
r 336 304 336 400 0 1000
w 400 304 336 304 0
w 400 400 336 400 0
w 400 368 400 400 0
w 656 208 720 208 0
w 528 304 528 208 0
w 720 304 720 208 0
w 528 208 560 208 0
w 720 208 832 208 0
w 832 208 928 208 0
w 928 208 928 336 0
w 336 512 896 512 0
w 560 176 992 176 0
w 992 176 992 512 0
v 896 512 992 512 0 0 40 5 0 0 0.5
w 464 208 304 208 0
w 304 208 304 272 0
w 592 304 592 400 0
w 592 400 592 448 0
w 592 448 896 448 0
w 896 448 896 368 0
w 528 336 560 336 0
w 560 336 560 368 0
w 560 368 592 368 0
211 832 272 880 272 0 2 48000 1
w 832 272 832 304 0
209 800 336 720 336 0 0.00001 0.0010000000000035523 0.001 1
w 464 208 464 240 0
w 656 208 656 240 0
o 36 32 0 4098 10 0.1 0 1
