$ 1 0.000005 10.20027730826997 50 5 50
165 912 336 992 336 2 9
v 1184 544 1184 304 0 0 40 9 0 0 0.5
w 976 304 1040 304 0
w 1040 368 1040 304 0
w 1040 304 1184 304 0
s 112 480 112 448 0 1 true
s 160 480 160 448 0 1 true
s 208 480 208 448 0 1 true
s 256 480 256 448 0 1 true
s 304 480 304 448 0 1 true
s 352 480 352 448 0 1 true
s 400 480 400 448 0 1 true
s 448 480 448 448 0 1 true
s 496 480 496 448 0 1 true
s 544 480 544 448 0 1 true
s 592 480 592 448 0 1 true
s 640 480 640 448 0 1 true
s 688 480 688 448 0 1 true
r 160 448 160 368 0 5600
r 208 448 208 368 0 5600
r 256 448 256 368 0 4700
r 304 448 304 368 0 3900
r 352 448 352 368 0 3900
r 400 448 400 368 0 3300
r 448 448 448 368 0 2700
r 496 448 496 368 0 3000
r 544 448 544 368 0 2200
r 592 448 592 368 0 2000
r 640 448 640 368 0 1800
r 688 448 688 368 0 1500
w 112 448 160 368 0
w 160 448 208 368 0
w 208 448 256 368 0
w 256 448 304 368 0
w 304 448 352 368 0
w 352 448 400 368 0
w 400 448 448 368 0
w 448 448 496 368 0
w 496 448 544 368 0
w 544 448 592 368 0
w 592 448 640 368 0
w 640 448 688 368 0
w 112 480 160 480 0
w 160 480 208 480 0
w 208 480 256 480 0
w 256 480 304 480 0
w 304 480 352 480 0
w 352 480 400 480 0
w 400 480 448 480 0
w 448 480 496 480 0
w 496 480 544 480 0
w 544 480 592 480 0
w 592 480 640 480 0
w 640 480 688 480 0
w 688 448 784 448 0
w 912 368 784 368 0
w 976 304 784 304 0
r 784 304 784 368 0 10000
r 784 368 784 448 0 4700
w 912 432 912 464 0
w 912 432 848 432 0
w 688 480 848 480 0
r 848 480 848 432 0 4700
c 912 464 912 544 0 4.7e-8 5.450842939156924
209 1040 400 1104 400 0 0.000032999999999999996 8.99999999999991 1
w 912 544 1104 544 0
w 1104 464 1104 544 0
w 1104 544 1184 544 0
x 561 189 737 192 1 36 Mini Ogran
r 1104 400 1104 464 0 8
o 69 64 0 2091 0.0000762939453125 0.00009765625 0 -1 0
