$ 1 0.000005 10.20027730826997 50 5 50
r 496 192 496 272 0 1000
r 576 192 576 272 0 1000
r 784 192 784 272 0 1000
r 928 192 928 272 0 22
r 624 336 704 336 0 100000
r 624 368 704 368 0 2200
174 704 192 736 288 0 100000 0.8861000000000001 Speed
209 496 464 576 464 0 0.00009999999999999999 2.1770020923828532 1
209 784 464 704 464 0 0.00001 1.1622132134382048 1
t 528 512 496 512 0 1 -3.998361982529114 -1.1545521081340593 100
t 752 512 784 512 0 1 0.6591466767080563 0.6668077820122017 100
S 704 288 624 288 0 0 false 0 2
r 784 464 848 464 0 1000
t 896 512 928 512 0 1 -8.643073119384177 0.007661105353788996 100
162 928 320 928 400 1 2.1024259 1 1 1 0.01
162 928 400 928 496 1 2.1024259 1 1 1 0.01
S 464 192 416 192 0 1 false 0 2
w 496 192 576 192 0
w 576 192 704 192 0
w 704 192 736 192 0
w 736 192 736 240 0
w 736 192 784 192 0
w 784 192 928 192 0
R 416 176 368 176 0 0 40 9 0 0 0.5
w 464 192 496 192 0
w 704 288 704 336 0
w 624 304 624 336 0
w 624 336 624 368 0
w 704 368 704 464 0
w 496 272 496 464 0
w 496 464 496 496 0
w 496 528 496 560 0
w 784 272 784 464 0
w 576 272 576 464 0
w 528 512 672 512 0
w 672 512 704 464 0
w 784 496 784 464 0
w 752 512 704 512 0
w 704 512 672 464 0
w 672 464 576 464 0
w 784 528 784 560 0
w 848 464 896 464 0
w 896 464 896 512 0
w 928 528 928 560 0
w 928 560 784 560 0
w 784 560 496 560 0
w 496 560 416 560 0
w 928 320 928 272 0
g 416 560 384 560 0
x 393 232 445 235 0 14 ON/OFF
x 712 293 759 296 0 14 SPEED
x 512 45 784 48 1 36 Velleman MK147
x 492 84 804 87 1 24 Dual White LED Stroboscope
o 7 64 0 2083 5 0.1 0 -1 0
o 8 64 0 2083 5 0.025 1 -1 0
