$ 1 0.000005 10.20027730826997 50 5 50 5e-11
a 288 112 416 112 9 15 -15 1000000 3.0199356087519544 3.019965808108042 100000
a 512 128 640 128 9 15 -15 1000000 0.07457651998000561 0.07457952563975026 100000
a 320 304 448 304 9 15 -15 1000000 0.03740649302320016 0.07457952563975026 100000
w 288 128 288 160 0
w 416 112 416 160 0
w 416 160 288 160 0
w 512 144 512 176 0
w 512 176 544 176 0
w 640 128 640 176 0
w 288 96 256 96 0
w 256 96 256 432 0
c 416 112 464 112 0 0.000001 2.945356083112204 0.001
r 464 112 464 208 0 100000
w 464 112 496 112 0
r 544 176 544 224 0 33000
r 544 176 640 176 0 100000
r 640 128 816 128 0 20000
w 496 112 496 256 0
w 512 112 496 112 0
w 496 256 320 256 0
w 320 256 320 288 0
w 448 304 448 352 0
w 320 320 320 352 0
w 320 352 400 352 0
d 448 304 512 304 2 1N4148
183 512 304 576 304 0 0.5 1.66 3.33 5 0
183 256 480 336 480 0 0.5 1.66 3.33 5 0
r 400 352 448 352 0 200000
r 512 304 512 384 0 100000
c 576 304 624 304 0 0.000001 2.4131516712678 0.001
r 624 304 736 304 0 20000
r 624 304 624 400 0 100000
r 736 304 736 384 0 100000
g 464 208 464 224 0 0
g 544 224 544 240 0 0
g 512 384 512 416 0 0
g 624 400 624 416 0 0
g 736 384 736 400 0 0
174 400 352 400 400 1 100000 0.005 PWM
g 400 416 400 432 0 0
w 416 416 400 416 0
w 416 416 416 384 0
d 336 432 256 432 2 1N4148
w 336 480 336 432 0
w 256 480 256 432 0
O 736 304 848 304 3 1
O 816 128 848 128 3 1
c 256 480 256 528 0 2.2000000000000003e-9 3.019965808108042 0.001
t 176 544 208 544 2 1 -2.6224927320150044 0.3974730760930373 100 default
t 112 592 144 592 2 -1 11.917445561498669 -0.48002751459436926 100 default
w 256 480 208 480 0
w 208 480 208 528 0
g 256 528 256 544 0 0
g 208 560 208 592 0 0
w 176 544 144 544 0
w 144 544 144 576 0
r 144 544 144 480 0 1000000
R 144 480 144 448 0 0 40 12 0 0 0.5
R 144 608 144 640 0 0 40 -12 0 0 0.5
w 112 592 112 544 0
w 112 544 64 544 0
r 64 544 64 592 0 1500
r 64 592 64 640 0 1000
g 64 640 64 656 0 0
w 64 544 64 400 0
w 64 400 192 400 0
w 192 400 192 352 0
w 192 352 192 288 0
w 192 288 192 208 0
w 192 208 192 96 0
r 192 96 112 96 0 10000
r 192 208 112 208 0 10000
r 192 288 112 288 0 10000
174 160 352 96 320 1 1000000 0.9950000000000001 FM Amt
174 48 64 64 112 1 100000 0.2525 Coarse
174 48 176 48 224 1 100000 0.9950000000000001 Fine
r 112 96 64 96 0 100000
r 112 208 64 208 0 1000000
r 112 288 48 288 0 100000
r 96 352 48 352 0 10000
r 48 352 0 352 0 100000
R 48 128 48 144 0 0 40 -12 0 0 0.5
R 48 240 48 256 0 0 40 -12 0 0 0.5
w 48 64 16 64 0
w 48 176 16 176 0
g 16 64 16 80 0 0
g 16 176 16 192 0 0
172 48 288 16 288 0 7 0 5 0 0 0.5 CV IN
172 0 352 -16 352 0 7 0 5 0 0 0.5 FM IN
w 160 352 192 352 0
w 160 352 160 320 0
w 160 320 128 320 0
x 820 279 927 282 4 24 pulse\sout
x 823 104 912 107 4 24 saw\sout
o 46 64 0 x8101a 10 0.1 0 2 2 0 45 0 2 0
