$ 1 0.0000026041666666666666 10.20027730826997 50 5 43 5e-11
a -112 240 -16 240 9 15 -15 1000000 -0.668249187992945 -0.6682596572702848 100000
a 448 352 576 352 9 15 -15 1000000 -5.705058169447881e-11 -5.7055412165258546e-11 100000
a 96 432 192 432 8 15 -15 1000000 -0.000010299209829796312 0 100000
a 224 336 320 336 8 15 -15 1000000 0 0 100000
a 544 64 448 64 8 15 -15 1000000 0.08221499369909144 -4.830470779727223e-10 100000
a 64 48 -32 48 8 15 -15 1000000 0.041130374619394686 0.04110749684954634 100000
r 320 336 416 336 0 100000
r 224 352 224 400 0 14000
r 224 352 160 352 0 100000
w 224 320 224 288 0
w 320 336 320 288 0
w 320 288 224 288 0
w 576 352 576 96 0
w 576 352 576 400 0
w 448 368 448 400 0
r 576 400 448 400 0 100000
r 448 400 448 464 0 14000
g 224 400 224 416 0 0
g 448 464 448 496 0 0
d 416 240 416 272 2 1N4148
d 416 272 416 304 2 1N4148
d 416 304 416 336 2 1N4148
d 416 336 416 368 2 1N4148
d 416 368 416 400 2 1N4148
d 416 400 416 432 2 1N4148
w 416 240 48 240 0
w 416 432 192 432 0
w 192 432 192 384 0
w 96 416 96 384 0
r 96 384 192 384 0 100000
r 96 416 48 416 0 100000
g 96 448 96 480 0 0
w 48 416 48 240 0
w 416 336 448 336 0
r -16 240 32 240 0 1000
w 32 240 32 288 0
w 32 288 32 320 0
d 32 288 0 288 2 1N4148
d 0 288 -32 288 2 1N4148
d -32 288 -64 288 2 1N4148
w -64 288 -112 288 0
w -112 256 -112 288 0
w -112 288 -112 320 0
d -112 320 32 320 2 1N4148
w 48 240 32 240 0
r -112 320 -112 368 0 100000
g -112 368 -112 384 0 0
174 -144 192 -144 256 1 100000 0.7079000000000001 Ratio
w -112 224 -128 224 0
g -144 256 -144 272 0 0
d 448 64 416 64 2 1N4148
174 416 64 368 32 1 100000 0.005 Attack
w 544 48 544 16 0
w 544 16 384 16 0
w 384 16 384 32 0
w 352 64 352 16 0
w 352 16 384 16 0
w 352 64 304 64 0
r 64 64 128 64 0 100000
r 64 64 64 128 0 100000
r 64 32 128 32 0 100000
174 208 16 208 -32 1 20000 0.42080000000000006 Thresh
174 304 64 272 112 1 100000 0.024800000000000003 Rel
r 304 128 304 160 0 4700
r 208 -48 208 -96 0 20000
g 208 16 208 32 0 0
g 304 160 304 176 0 0
w 64 32 64 0 0
w -32 48 -32 0 0
w 304 128 272 128 0
w 272 128 272 96 0
w 304 64 128 64 0
r -32 0 64 0 0 100000
w 192 -16 128 -16 0
w 128 -16 128 32 0
w -144 192 -144 48 0
w -32 48 -144 48 0
g 64 128 64 144 0 0
R 208 -96 208 -128 0 0 40 12 0 0 0.5
411 160 352 112 352 0 1 40 5 0 0 0.5 5 3.3 2
c 352 64 352 128 0 0.00001 0.08221499369909144 0.001
g 352 128 352 176 0 0
S 544 80 576 80 0 1 false 0 2
411 576 64 624 64 0 1 40 5 0 0 0.5 5 0 0
b -62 -98 241 168 0
b 256 0 560 196 0
x 607 48 709 51 4 18 sidechain\sin
x 67 340 136 343 4 18 audio\sin
211 576 352 640 352 0 1 48000 1
x 446 184 546 187 4 18 peak\sdetect
x -44 -78 94 -75 4 18 voltage\ssubtract
b -122 200 560 515 0
x -104 500 -76 503 4 18 vca
x -315 -27 -108 -24 4 24 diode\scompressor
o 79 64 0 x81012 4.522209936559259 0.0001 0 6 1 0 79 3 0.000049999999999999996 0 71 3 0.000049999999999999996 0 75 3 0.000049999999999999996 0 71 0 1 0 71 3 0.000025 0
o 88 64 0 x81012 2.5 0.1 1 3 1 0 48 0 1 0 48 3 0.025 0
