$ 1 0.000005 10.20027730826997 50 5 50 5e-11
164 144 176 160 176 4 4 0 0 0 5 false 10
164 48 416 64 416 0 4 0 0 5 5 false 10
197 240 416 272 416 0
197 240 176 256 176 0
157 368 176 400 176 0 7 0 0
157 544 176 576 176 0 7 0 0
w 368 544 608 544 0
w 640 304 640 576 0
w 672 304 672 608 0
w 432 304 368 304 0
w 464 304 464 336 0
w 496 304 496 368 0
w 464 336 368 336 0
w 368 368 496 368 0
w 368 576 640 576 0
w 368 608 672 608 0
t -32 432 0 432 0 1 -0.0002335603497606465 0.01152112461493487 100 default
t -64 480 -32 480 0 1 -0.0005857033634938842 0.010935421251440985 100 default
w 48 416 0 416 0
r 0 416 0 352 0 10000
w 0 352 -32 352 0
r -32 352 -32 432 0 10000
w 0 448 0 480 0
w -32 432 -32 464 0
w -32 496 -32 528 0
g -32 528 -32 544 0 0
g 0 480 0 496 0 0
w -64 480 -80 480 0
r -80 480 -128 480 0 1000
c -80 480 -80 528 0 1e-8 0.001044741077543751 0.001
r -128 480 -128 528 0 10000
d -176 480 -128 480 2 1N4148
r -224 480 -176 480 0 2000
w -128 480 -128 448 0
w -128 448 -144 448 0
c -144 448 -144 384 0 1e-8 -11.999006191201907 0.001
w -144 384 -128 384 0
s -128 384 -128 448 0 1 true
w -128 384 -128 352 0
w -32 352 -128 352 0
R -16 -64 -32 -64 0 0 40 12 0 0 0.5
g -128 528 -128 544 0 0
g -80 528 -80 544 0 0
w 128 176 144 176 0
150 208 368 208 320 4 4 0 5
w 240 368 240 416 0
w 224 368 224 448 0
w 192 368 192 480 0
w 176 368 176 512 0
w 176 512 240 512 0
w 192 480 240 480 0
w 224 448 240 448 0
w 208 320 208 304 0
w 208 304 128 304 0
w 128 304 128 176 0
w 144 416 240 416 0
w 144 448 224 448 0
w 144 480 192 480 0
w 144 512 176 512 0
w 48 512 48 272 0
w 144 272 48 272 0
w 48 272 48 176 0
s -16 176 48 176 0 1 true
w -128 272 -128 352 0
w 608 304 608 544 0
w 544 272 544 512 0
w 544 240 544 480 0
w 544 480 368 480 0
w 544 512 368 512 0
w 544 208 544 448 0
w 544 448 368 448 0
w 544 176 544 416 0
w 544 416 368 416 0
207 -224 480 -256 480 4 clock\s\p
x -29 210 29 213 4 24 reset
x -113 388 -69 391 4 24 test
165 -288 64 -256 64 6 0.004995004995004996
w -160 128 -144 128 0
w -224 32 -144 32 0
r -144 32 -144 128 0 1000
w -224 32 -224 -16 0
w -224 -16 -224 -48 0
w -224 -16 -256 -16 0
c -64 32 -64 64 0 0.00001 1.5189030793708338 0.001
g -64 64 -64 80 0 0
w -256 -16 -288 -16 0
w -288 96 -336 96 0
w -288 -16 -336 -16 0
w -288 192 -336 192 0
w -288 160 -288 192 0
r -336 192 -336 96 0 3000
r -336 96 -336 -16 0 5000
207 -128 128 -96 128 4 clock\s\p
g -192 224 -192 240 0 0
w -16 -32 -16 -64 0
w -64 -32 -16 -32 0
w -16 176 -128 176 0
w -128 176 -128 272 0
w -16 176 -16 -32 0
r -64 -32 -64 32 0 1000
g -336 240 -336 256 0 0
209 -336 192 -336 240 0 1.5e-7 0.009530980985883663 0.001 1
R -224 -48 -224 -64 0 0 40 5 0 0 0.5
w -160 96 -160 -16 0
s -224 -16 -160 -16 0 1 false
x -212 -44 -172 -41 4 24 run
401 -784 16 -704 16 1 8\s15\s-15\s1000000\s0\s0\s100000 0\s20\s10000000000 1\s0
401 -768 80 -688 80 1 8\s15\s-15\s1000000\s0\s0\s100000 0\s20\s10000000000 1\s0
r -896 448 -896 368 0 5000
r -896 368 -896 144 0 5000
r -896 448 -896 592 0 5000
w -864 480 -1040 480 0
w -864 336 -1040 336 0
w -448 368 -592 432 0
w -448 448 -592 384 0
w -448 352 -368 352 0
w -448 464 -432 464 0
w -784 352 -784 336 0
w -752 336 -784 336 0
w -784 464 -784 480 0
w -752 480 -784 480 0
t -928 224 -976 224 0 1 -0.01400576582527313 -0.006968042551755131 100 default
w -928 224 -432 224 0
w -432 224 -432 464 0
g -976 288 -976 304 0 0
w -976 208 -1040 208 0
b -994 187 -580 565 0
g -896 592 -896 608 0 0
r -1040 208 -1040 96 0 5000
r -1040 208 -1040 336 0 3000
w -1040 336 -1040 480 0
209 -1040 480 -1040 592 0 1.5000000000000002e-7 3.3891381592253222 0.001 1
g -1040 592 -1040 608 0 0
R -1040 64 -1040 48 0 0 40 5 0 0 0.5
b -768 310 -471 507 0
w -896 144 -896 96 0
w -864 160 -720 160 0
w -1040 96 -1040 64 0
207 -288 304 -256 304 4 clock\s\p
r -976 288 -976 240 0 10
w -592 448 -592 432 0
w -592 368 -592 384 0
w -448 352 -448 368 0
w -448 464 -448 448 0
w -896 368 -864 368 0
w -864 448 -896 448 0
162 -368 352 -368 432 2 default-led 1 0 0 0.01
r -368 432 -368 496 0 220
g -368 496 -368 528 0 0
151 -592 352 -448 352 0 2 0 5
151 -592 464 -448 464 0 2 0 5
I -752 336 -672 336 0 0.5 5
I -752 480 -672 480 0 0.5 5
w -672 480 -592 336 0
w -672 336 -592 480 0
R -896 96 -896 64 0 0 40 5 0 0 0.5
409 -864 352 -784 352 3 0.6 0 0.023100000000000002 2
409 -864 464 -784 464 3 0.6 0 0.023100000000000002 2
g -832 384 -832 400 0 0
g -832 496 -832 512 0 0
R -832 320 -832 304 0 0 40 5 0 0 0.5
R -832 432 -832 416 0 0 40 5 0 0 0.5
o 101 64 0 x81012 5 0.00009765625 0 4 2 0 101 3 0.000049999999999999996 0 131 0 2 0 131 3 0.000049999999999999996 0
o 144 64 0 4099 5 0.00009765625 1 6 144 3 145 0 145 3 112 0 112 3
