$ 1 0.000005 10.20027730826997 50 5 50
R 880 144 928 144 0 0 40 9 0 0 0.5
r 880 144 880 224 0 1000
r 704 224 704 320 0 68000
r 560 144 560 240 0 1000
r 448 240 448 320 0 68000
r 336 144 336 240 0 1000
r 208 240 208 336 0 68000
s 704 144 704 224 0 1 false
s 448 144 448 240 0 1 false
s 208 144 208 240 0 1 false
162 880 224 880 320 1 2.1024259 0 0 1 0.01
162 560 240 560 320 1 2.1024259 0 1 0 0.01
162 336 240 336 320 1 2.1024259 1 0 0 0.01
d 208 336 208 464 1 0.805904783
d 256 336 256 432 1 0.805904783
d 256 336 304 336 1 0.805904783
t 304 336 336 336 0 1 -8.494728003383646 0.09853954519174239 100
w 336 352 336 496 0
w 208 464 448 464 0
w 912 464 912 320 0
w 912 320 880 320 0
t 848 336 880 336 0 1 -8.494728003383644 0.09853954519174243 100
t 528 336 560 336 0 1 -8.494728003383647 0.09853954519174206 100
w 560 352 560 496 0
w 880 352 880 496 0
d 448 320 384 320 1 0.805904783
d 704 320 640 320 1 0.805904783
d 448 336 528 336 1 0.805904783
d 448 336 448 464 1 0.805904783
w 448 464 912 464 0
w 704 320 704 336 0
w 448 320 448 336 0
w 208 144 336 144 0
w 336 144 448 144 0
w 448 144 560 144 0
w 560 144 704 144 0
w 704 144 880 144 0
w 336 496 560 496 0
w 560 496 880 496 0
g 880 496 944 496 0
d 704 336 848 336 1 0.805904783
d 704 336 704 400 1 0.805904783
w 704 400 384 400 0
w 384 400 384 320 0
w 384 320 336 320 0
w 640 320 560 320 0
w 208 336 256 336 0
w 640 432 256 432 0
w 640 320 640 432 0
